SW2D-GPU_win/SW2D-GPU/db/peri_lake_model/input/dem.txt
ncols         449
nrows         561
xllcorner     0
yllcorner     0
cellsize      12.5
NODATA_value  -9999
[rows 184 to 206 of 561, columns 306 to 356 of 449]
3.74944627304211 3.65281517936257 3.54463112792252 3.42166867249967 3.28054523362741 3.11710044755452 2.92692939410520 2.72845612251514 2.60793844552714 2.66378138187601 2.96388957369993 3.52446740773796 4.35312661820669 5.37503101937285 6.43289650555328 7.37308151101685 8.11655563315275 8.62830505216815 8.89545812959623 9.02182830070873 9.15046475034841 9.37916998134157 11.7731296094342 11.7731296094342 11.7731296094342 11.7731296094342 12.7731296094342 13.7731296094342 14.7731296094342 15.7731296094342 16.7731296094342 17.7731296094342 18.7731296094342 19.7731296094342 20.7731296094342 21.7731296094342 22.7731296094342 23.7731296094342 23.7731296094342 24.7731296094342 25.7731296094342 25.7731296094342 25.7731296094342 26.7731296094342 26.7731296094342 25.7731296094342 24.7731296094342 24.7731296094342 25.7731296094342 26.7731296094342 27.7731296094342
3.77461507665048 3.68598715874641 3.58712376116671 3.47348332733352 3.34011621380609 3.17997373662500 2.98532199955272 2.77657349788086 2.65777548262066 2.74779059642013 3.11539289515387 3.74445280340660 4.60788250655628 5.61571163463803 6.61508726234414 7.45945618835594 8.09552615054972 8.52502383680974 8.76323398149644 8.89492755371214 9.02823756571464 9.24045429973216 11.7731296094342 11.7731296094342 11.7731296094342 12.7731296094342 12.7731296094342 13.7731296094342 14.7731296094342 15.7731296094342 16.7731296094342 17.7731296094342 18.7731296094342 20.7731296094342 21.7731296094342 22.7731296094342 22.7731296094342 23.7731296094342 24.7731296094342 25.7731296094342 25.7731296094342 26.7731296094342 26.7731296094342 26.7731296094342 25.7731296094342 25.7731296094342 25.7731296094342 25.7731296094342 26.7731296094342 27.7731296094342 28.7731296094342
3.79928830281080 3.71635636923269 3.62424611256154 3.51808151867738 3.39258074818227 3.24038913770549 3.05347782373639 2.85486923727112 2.75985206933939 2.89993242276516 3.34153249859094 4.04075276678785 4.94097623680445 5.93887030077347 6.88438673351184 7.63628448353444 8.16521280844498 8.50783024449344 8.70635546564770 8.82846615066878 8.95039492413502 9.13089798641123 11.7731296094342 11.7731296094342 12.7731296094342 12.7731296094342 13.7731296094342 13.7731296094342 14.7731296094342 15.7731296094342 16.7731296094342 17.7731296094342 18.7731296094342 20.7731296094342 21.7731296094342 22.7731296094342 23.7731296094342 23.7731296094342 24.7731296094342 25.7731296094342 26.7731296094342 26.7731296094342 26.7731296094342 25.7731296094342 25.7731296094342 25.7731296094342 25.7731296094342 26.7731296094342 26.7731296094342 27.7731296094342 28.7731296094342
3.82512287646476 3.74680885940528 3.66043094928123 3.56189443848225 3.44703041150221 3.31137784332975 3.15040056240368 2.99029786009489 2.94859549533326 3.15874858140185 3.68028456532045 4.44741836838439 5.38074207674603 6.36670656020328 7.25762147219965 7.91678783453075 8.33630170762981 8.58424131395039 8.72739280795580 8.82024210090863 8.91313050178795 9.04975141440966 11.7731296094342 11.7731296094342 12.7731296094342 12.7731296094342 13.7731296094342 13.7731296094342 14.7731296094342 15.7731296094342 16.7731296094342 17.7731296094342 18.7731296094342 19.7731296094342 21.7731296094342 22.7731296094342 23.7731296094342 24.7731296094342 24.7731296094342 25.7731296094342 26.7731296094342 26.7731296094342 26.7731296094342 26.7731296094342 25.7731296094342 25.7731296094342 25.7731296094342 26.7731296094342 27.7731296094342 28.7731296094342 28.7731296094342
3.85148040788853 3.77836184856073 3.69876250037289 3.61003345812164 3.51007228318117 3.39981369064536 3.28123511794148 3.18362585788834 3.21742637787524 3.50709651824355 4.10094588320183 4.91820414103414 5.86457666228615 6.82228738113050 7.65007879536683 8.21908557236909 8.53891407843886 8.70086155224704 8.78964138840606 8.84864560786065 8.90736104367563 8.99705011330626 9.15428228064726 11.7731296094342 12.7731296094342 12.7731296094342 13.7731296094342 13.7731296094342 14.7731296094342 15.7731296094342 16.7731296094342 17.7731296094342 18.7731296094342 19.7731296094342 20.7731296094342 21.7731296094342 22.7731296094342 24.7731296094342 24.7731296094342 25.7731296094342 26.7731296094342 26.7731296094342 26.7731296094342 26.7731296094342 26.7731296094342 25.7731296094342 25.7731296094342 26.7731296094342 27.7731296094342 27.7731296094342 28.7731296094342
3.87758018399903 3.81169692249860 3.74169451481723 3.66654647573922 3.58664282343537 3.51008640054453 3.44759159472865 3.43087653791695 3.55406331895007 3.92188665814321 4.56752145981095 5.40284377309404 6.32741226293228 7.22772768604457 7.97723289092895 8.46195784178138 8.70373812034117 8.80452733575455 8.85633602643187 8.89179399576660 8.92355272910841 8.97223398156143 9.08218682878518 9.30136993651179 11.7731296094342 12.7731296094342 12.7731296094342 13.7731296094342 13.7731296094342 14.7731296094342 16.7731296094342 17.7731296094342 18.7731296094342 19.7731296094342 20.7731296094342 21.7731296094342 22.7731296094342 23.7731296094342 24.7731296094342 25.7731296094342 25.7731296094342 26.7731296094342 26.7731296094342 26.7731296094342 26.7731296094342 25.7731296094342 25.7731296094342 25.7731296094342 26.7731296094342 27.7731296094342 27.7731296094342
3.90220245861469 3.84486954528100 3.78577720318180 3.72509490632534 3.66554683555868 3.62370438009464 3.62080876150211 3.69086096890392 3.90576547013940 4.34362871357720 5.02021293988587 5.84560263029593 6.71955759159409 7.53980978066019 8.20206330446719 8.61369362404660 8.80347697430611 8.87180953271977 8.90771496349361 8.93369873781628 8.94988883609740 8.96824143145066 9.03590868947287 9.20585001928522 11.7731296094342 12.7731296094342 12.7731296094342 12.7731296094342 13.7731296094342 14.7731296094342 15.7731296094342 17.7731296094342 18.7731296094342 18.7731296094342 19.7731296094342 20.7731296094342 21.7731296094342 22.7731296094342 23.7731296094342 24.7731296094342 25.7731296094342 25.7731296094342 25.7731296094342 25.7731296094342 25.7731296094342 25.7731296094342 24.7731296094342 24.7731296094342 25.7731296094342 25.7731296094342 26.7731296094342
3.92386847958304 3.87438591005517 3.82407800513755 3.77321269711907 3.72607231083966 3.70867728895270 3.75436692324395 3.90043699553550 4.19592307822617 4.69135792987848 5.38517926131117 6.18752006143747 7.00039263773226 7.73576786664162 8.31557519358290 8.67178945750296 8.83562034238590 8.89682076612789 8.93404754769233 8.96184853881555 8.97320585338120 8.97417534725161 9.00970803347770 9.13138117021301 11.7731296094342 11.7731296094342 11.7731296094342 11.7731296094342 12.7731296094342 13.7731296094342 15.7731296094342 16.7731296094342 17.7731296094342 18.7731296094342 19.7731296094342 20.7731296094342 20.7731296094342 21.7731296094342 23.7731296094342 24.7731296094342 24.7731296094342 24.7731296094342 24.7731296094342 25.7731296094342 25.7731296094342 24.7731296094342 24.7731296094342 24.7731296094342 24.7731296094342 24.7731296094342 25.7731296094342
3.94174689519828 3.89792121770008 3.85177878958653 3.80218411149522 3.75378010326641 3.74250725531387 3.81483600474898 4.01310645086094 4.36736237070569 4.90480657653489 5.60872923462268 6.38798552828176 7.14522250054709 7.80613379483258 8.31945965493112 8.64203848489389 8.80396644691319 8.87855784968137 8.92971358276979 8.96739815252945 8.98343277340143 8.98126291293754 8.99891457101747 9.08040934871728 9.23899038104702 9.43572916666447 9.62793007855963 9.80248687786827 11.7731296094342 13.7731296094342 14.7731296094342 15.7731296094342 16.7731296094342 17.7731296094342 18.7731296094342 19.7731296094342 20.7731296094342 21.7731296094342 22.7731296094342 24.7731296094342 24.7731296094342 24.7731296094342 24.7731296094342 24.7731296094342 24.7731296094342 24.7731296094342 24.7731296094342 23.7731296094342 23.7731296094342 23.7731296094342 24.7731296094342
3.95852610628512 3.91958187959616 3.87574137842509 3.82400640128997 3.76882489356730 3.75498273870624 3.84083323638940 4.07392952299405 4.46970312084258 5.03715378482295 5.74713957375916 6.50586572418578 7.21485352931657 7.81193372014120 8.27124646542524 8.57306651881776 8.74470213346092 8.84120880351389 8.91062416835056 8.96108809687648 8.98731940899322 8.99248931305102 9.00491420611419 9.05732628085569 9.16441784624276 9.31030235619158 9.47669984954181 9.65840850222022 9.86330462724062 12.7731296094342 13.7731296094342 14.7731296094342 15.7731296094342 16.7731296094342 18.7731296094342 19.7731296094342 20.7731296094342 21.7731296094342 22.7731296094342 23.7731296094342 24.7731296094342 24.7731296094342 24.7731296094342 24.7731296094342 24.7731296094342 24.7731296094342 23.7731296094342 23.7731296094342 22.7731296094342 22.7731296094342 23.7731296094342
3.97807850828482 3.94563746585509 3.90675599450056 3.85764320081753 3.80299617811878 3.79347761742362 3.89520801351110 4.15876170344477 4.58848509250968 5.17973573086426 5.89367174806101 6.63348088190260 7.29884247987403 7.83789524779729 8.24723724983141 8.52789782441021 8.70490195997239 8.81743079092114 8.89993030070037 8.96024546437487 8.99727248685881 9.01479333232481 9.03112737999032 9.06717354088201 9.13545828960375 9.23431623988186 9.36095020672500 9.51814970593263 9.71429095409500 11.7731296094342 11.7731296094342 12.7731296094342 13.7731296094342 15.7731296094342 17.7731296094342 19.7731296094342 19.7731296094342 20.7731296094342 22.7731296094342 23.7731296094342 23.7731296094342 24.7731296094342 24.7731296094342 24.7731296094342 24.7731296094342 23.7731296094342 23.7731296094342 22.7731296094342 22.7731296094342 22.7731296094342 22.7731296094342
4.00352997667431 3.98071634350833 3.95238071808324 3.91611004492857 3.87801941711259 3.89035041515058 4.02085468150500 4.31923160218621 4.78150597866954 5.39337321844003 6.10913263763613 6.82986499832341 7.45401993448665 7.93809684255021 8.29664488137796 8.54740446136001 8.71500544519335 8.82814210276763 8.91233535569719 8.97565805254068 9.02031245026127 9.05046526915541 9.07613351361604 9.10836967678299 9.15465648185596 9.21642564420404 9.29486459013927 9.39902314843070 9.54581355030439 9.75008745714215 10.0018949386248 10.2766544561127 10.5512795090477 13.7731296094342 16.7731296094342 18.7731296094342 19.7731296094342 20.7731296094342 21.7731296094342 22.7731296094342 23.7731296094342 24.7731296094342 24.7731296094342 24.7731296094342 23.7731296094342 23.7731296094342 22.7731296094342 22.7731296094342 22.7731296094342 22.7731296094342 22.7731296094342
4.03578555198568 4.02456542144437 4.01056095564230 3.99473289110131 3.98569008693993 4.03330416984801 4.20131957575599 4.53491194957222 5.02405120465455 5.64812928192693 6.35781185563914 7.05507158410349 7.63991067013051 8.07549409407890 8.38814961385553 8.60660394621591 8.75599894420802 8.85936158364600 8.93742552874814 8.99866827384276 9.04744245804707 9.08797421649496 9.12412303093936 9.15965234857433 9.19614021364230 9.23146026069117 9.26377725936938 9.30620514737688 9.38680703046509 9.53116892244661 9.73259431680880 9.96534175223549 10.2065245119181 12.7731296094342 15.7731296094342 17.7731296094342 19.7731296094342 20.7731296094342 21.7731296094342 22.7731296094342 23.7731296094342 24.7731296094342 24.7731296094342 23.7731296094342 23.7731296094342 22.7731296094342 22.7731296094342 22.7731296094342 22.7731296094342 22.7731296094342 22.7731296094342
4.07533409315543 4.07602143637806 4.07745502016762 4.08555394578067 4.11225236309801 4.20176856960311 4.40917279799301 4.77208235574046 5.27623122830859 5.89743610795782 6.58637870941652 7.25113521584727 7.79834256396260 8.19645595929521 8.47574887619790 8.66849286199247 8.79983949530018 8.89073995524623 8.96020922803792 9.01708349996838 9.06677230104899 9.11332352952069 9.15674685056439 9.19627710990998 9.22896635531115 9.24816664044131 9.24777902726597 9.24257499165377 9.26819642337649 9.35775346350246 9.50885170939497 9.69815098270433 9.90536233713464 10.1281645362213 12.7731296094342 15.7731296094342 18.7731296094342 21.7731296094342 22.7731296094342 22.7731296094342 23.7731296094342 23.7731296094342 23.7731296094342 22.7731296094342 22.7731296094342 22.7731296094342 22.7731296094342 22.7731296094342 22.7731296094342 22.7731296094342 22.7731296094342
4.12223246919292 4.13332802620732 4.14845850177475 4.17959254066232 4.24258037422227 4.37383959156071 4.61669816169700 4.99925864115389 5.50436784505861 6.10624375181870 6.75885289148887 7.38183418348846 7.89384748926921 8.26751287989770 8.52941063605536 8.70802597844830 8.82728980254282 8.90844619628592 8.97080074785010 9.02336195658960 9.07167150837531 9.11944820142767 9.16500213094000 9.20561469696233 9.23634605678106 9.24849120701912 9.23394900087542 9.20689540072472 9.20378347811760 9.25879419941955 9.37265304789525 9.52634856690605 9.70326172007719 9.90109330654691 10.1223627015964 13.7731296094342 17.7731296094342 20.7731296094342 21.7731296094342 22.7731296094342 22.7731296094342 22.7731296094342 22.7731296094342 21.7731296094342 21.7731296094342 21.7731296094342 22.7731296094342 22.7731296094342 22.7731296094342 22.7731296094342 21.7731296094342
4.17580529619600 4.19372348516757 4.21767412236578 4.26613416374285 4.35922592442091 4.52535248024388 4.79569420189700 5.18874715799501 5.68531149867134 6.25902585563185 6.86866420155800 7.44780388031117 7.92944216868728 8.28937041373124 8.54617403273693 8.72042802190514 8.83403878473335 8.90969818358453 8.96796921381155 9.01784538970400 9.06442523059616 9.11103283298453 9.15572855578565 9.19557192120193 9.22548295430753 9.23675508403910 9.22121193097190 9.19095122315155 9.17834479609395 9.21394545094574 9.30042688748577 9.42401563159928 9.57235353888960 9.74188745376024 9.93202959837002 11.7731296094342 14.7731296094342 17.7731296094342 19.7731296094342 21.7731296094342 21.7731296094342 21.7731296094342 21.7731296094342 21.7731296094342 21.7731296094342 21.7731296094342 22.7731296094342 22.7731296094342 22.7731296094342 22.7731296094342 22.7731296094342
4.23546710676542 4.25471145532416 4.27969338352174 4.33519132468224 4.44569587000447 4.63333578562777 4.91943696596253 5.31469612857678 5.79822861766667 6.34318331648416 6.91284042600361 7.45375204574177 7.91223143740379 8.26636715908237 8.52602306525770 8.70318301152050 8.81745449726101 8.89294256264810 8.95141384387523 9.00167265405811 9.04815976814052 9.09382235207111 9.13717928397289 9.17590623103662 9.20578416190161 9.21938239964923 9.20967167232030 9.18601025269416 9.17414395828865 9.19851946464980 9.26281600968524 9.35846115741761 9.47754580438461 9.61660515167339 9.77367375221916 9.95161745835364 11.7731296094342 13.7731296094342 17.7731296094342 20.7731296094342 20.7731296094342 20.7731296094342 20.7731296094342 20.7731296094342 20.7731296094342 21.7731296094342 21.7731296094342 22.7731296094342 23.7731296094342 23.7731296094342 22.7731296094342
4.30433190059138 4.32213838570785 4.34323010276077 4.39736086476204 4.51263717875291 4.70730077318824 4.99626643779364 5.38517185606506 5.85209648611415 6.36994726290472 6.90564021634380 7.41593637643131 7.85760625709024 8.21026284426055 8.47636159589926 8.66057923052799 8.78027099762940 8.86027179965923 8.92294386583449 8.97675239710964 9.02548473977735 9.07177223917093 9.11482181352910 9.15318736689720 9.18388388031029 9.20131775348255 9.20016054140559 9.18699403327125 9.18031025247153 9.19779365877792 9.24344579356296 9.31319601053031 9.40328913445888 9.51224061100244 9.63933338643969 9.78827355221568 9.97590826290280 11.7731296094342 15.7731296094342 18.7731296094342 18.7731296094342 18.7731296094342 19.7731296094342 19.7731296094342 20.7731296094342 20.7731296094342 21.7731296094342 22.7731296094342 23.7731296094342 23.7731296094342 23.7731296094342
4.38921314445349 4.41019353231486 4.43112041353810 4.48382395688537 4.59783692991560 4.78924142390186 5.06958653782087 5.44215872447864 5.88570324363300 6.37437905486473 6.87855308923510 7.36216452625558 7.78924371590263 8.14023832759820 8.41201335020971 8.60370922623734 8.73058834545649 8.81742418147706 8.88647851732309 8.94576305902741 8.99849308261565 9.04704852737124 9.09133798163747 9.13079736123751 9.16364339701657 9.18602621665713 9.19423931643282 9.19247785896028 9.19283867319914 9.20701062325370 9.23892421573889 9.28793294264233 9.35357675409295 9.43672407936744 9.53869252366342 9.66356267524693 9.82362394963327 10.0325024909577 12.7731296094342 14.7731296094342 16.7731296094342 17.7731296094342 18.7731296094342 19.7731296094342 20.7731296094342 20.7731296094342 21.7731296094342 22.7731296094342 23.7731296094342 23.7731296094342 23.7731296094342
4.49656614438614 4.53221734943349 4.56477815559402 4.62389573969550 4.73707735093504 4.91927860386408 5.18122547044090 5.52641793865237 5.93689442665510 6.39067745044219 6.86207665429678 7.31910810723875 7.72973228924864 8.07465259957338 8.34731535672630 8.54343502553943 8.67642184515252 8.77012561204189 8.84595563373505 8.91139134731729 8.96922370461639 9.02164804192465 9.06910040225176 9.11167770270418 9.14840453348015 9.17648781623687 9.19318945216186 9.20108545851267 9.20806596861693 9.22186530985266 9.24622407288152 9.28252675799500 9.33224682423947 9.39750359761107 9.48063457233998 9.58504489741704 9.71731162601890 9.88453260154063 10.0887266092558 12.7731296094342 14.7731296094342 16.7731296094342 17.7731296094342 18.7731296094342 19.7731296094342 20.7731296094342 21.7731296094342 22.7731296094342 23.7731296094342 23.7731296094342 22.7731296094342
4.62748817644014 4.68904289663038 4.74459511419368 4.81838779669641 4.93326143482342 5.10361590310864 5.34100580686483 5.65085884557145 6.02040381208814 6.43343977083776 6.86873433198738 7.29652644150129 7.68670278211560 8.02004900798819 8.28824974469869 8.48518473802687 8.62250327572938 8.72233772186605 8.80455796268933 8.87606379465160 8.93938965163570 8.99662397005027 9.04853973946814 9.09565268697356 9.13739097382206 9.17133926170025 9.19508180349277 9.21030058550433 9.22277532745973 9.23824978448343 9.26025714775184 9.29102649432458 9.33276492994671 9.38765188990108 9.45785734118641 9.54534435536352 9.65146126319329 9.77747516080567 9.92716160619675 10.1085481743411 12.7731296094342 14.7731296094342 16.7731296094342 17.7731296094342 18.7731296094342 19.7731296094342 20.7731296094342 21.7731296094342 22.7731296094342 22.7731296094342 22.7731296094342
4.77991556647268 4.87412454169765 4.95856119044556 5.05129614327961 5.16989519048535 5.32844753869758 5.53986851205561 5.81195969054128 6.13733047883187 6.50569954125187 6.90044573560451 7.29420150758590 7.65896177652897 7.97600030545970 8.23586970109705 8.43118075365489 8.57162731239854 8.67698131480526 8.76502279053347 8.84205344451112 8.91051172837272 8.97247280316040 9.02894101116635 9.08070763312923 9.12739692210110 9.16665493820042 9.19609314367996 9.21693446932541 9.23401331445541 9.25217239981660 9.27471933549363 9.30405609865020 9.34247739304237 9.39176101490566 9.45351000355086 9.52827378647766 9.61347151653343 9.70604000689140 9.81037456827301 9.94351318244726 10.1231996151870 12.7731296094342 14.7731296094342 16.7731296094342 18.7731296094342 18.7731296094342 19.7731296094342 20.7731296094342 21.7731296094342 21.7731296094342 21.7731296094342
4.95131753712633 5.08057744085316 5.19467976210114 5.30685294059874 5.43052360965971 5.57946866578987 5.76757962157928 6.00441739542809 6.28667487020204 6.60858236722732 6.95791288720008 7.31149382413813 7.64537864006213 7.94220609703186 8.19120025714626 8.38344595398073 8.52628207915576 8.63663654639185 8.72978850880077 8.81142899169139 8.88402194000582 8.94971510815386 9.00972395880372 9.06507573016940 9.11557071623884 9.15892945537314 9.19281344886587 9.21815983660062 9.23918139705108 9.26011870748825 9.28402904960789 9.31327162420862 9.35007252638260 9.39598671303265 9.45234214664923 9.51897283051972 9.59127417712556 9.66393529901554 9.74049084484719 9.83946926096168 9.98058736902190 10.1774899154027 12.7731296094342 14.7731296094342 16.7731296094342 17.7731296094342 18.7731296094342 19.7731296094342 20.7731296094342 20.7731296094342 21.7731296094342
