SW2D-GPU_win/SW2D-GPU/db/peri_lake_model/input/dem.txt
ncols         449
nrows         561
xllcorner     0
yllcorner     0
cellsize      12.5
NODATA_value  -9999
[rows 322 to 344 of 561, columns 153 to 203 of 449]
83.7731296094342 81.7731296094342 79.7731296094342 78.7731296094342 77.7731296094342 76.7731296094342 76.7731296094342 76.7731296094342 75.7731296094342 74.7731296094342 72.7731296094342 70.7731296094342 68.7731296094342 66.7731296094342 63.7731296094342 60.7731296094342 57.7731296094342 54.7731296094342 51.7731296094342 48.7731296094342 46.7731296094342 44.7731296094342 42.7731296094342 39.7731296094342 37.7731296094342 35.7731296094342 33.7731296094342 31.7731296094342 29.7731296094342 26.7731296094342 23.7731296094342 20.7731296094342 18.7731296094342 16.7731296094342 15.7731296094342 15.7731296094342 14.7731296094342 14.7731296094342 14.7731296094342 14.7731296094342 14.7731296094342 15.7731296094342 16.7731296094342 16.7731296094342 17.7731296094342 17.7731296094342 17.7731296094342 18.7731296094342 17.7731296094342 17.7731296094342 16.7731296094342
83.7731296094342 81.7731296094342 79.7731296094342 77.7731296094342 75.7731296094342 73.7731296094342 73.7731296094342 73.7731296094342 72.7731296094342 70.7731296094342 69.7731296094342 67.7731296094342 65.7731296094342 63.7731296094342 60.7731296094342 57.7731296094342 54.7731296094342 51.7731296094342 48.7731296094342 46.7731296094342 44.7731296094342 42.7731296094342 39.7731296094342 36.7731296094342 33.7731296094342 32.7731296094342 31.7731296094342 30.7731296094342 28.7731296094342 25.7731296094342 22.7731296094342 18.7731296094342 16.7731296094342 14.7731296094342 13.7731296094342 13.7731296094342 13.7731296094342 13.7731296094342 13.7731296094342 13.7731296094342 14.7731296094342 15.7731296094342 16.7731296094342 16.7731296094342 16.7731296094342 17.7731296094342 17.7731296094342 17.7731296094342 17.7731296094342 16.7731296094342 15.7731296094342
84.7731296094342 81.7731296094342 79.7731296094342 76.7731296094342 74.7731296094342 72.7731296094342 72.7731296094342 71.7731296094342 70.7731296094342 68.7731296094342 66.7731296094342 65.7731296094342 63.7731296094342 60.7731296094342 57.7731296094342 54.7731296094342 51.7731296094342 49.7731296094342 47.7731296094342 45.7731296094342 42.7731296094342 39.7731296094342 36.7731296094342 33.7731296094342 31.7731296094342 30.7731296094342 29.7731296094342 28.7731296094342 26.7731296094342 24.7731296094342 21.7731296094342 18.7731296094342 16.7731296094342 14.7731296094342 13.7731296094342 12.7731296094342 12.7731296094342 13.7731296094342 13.7731296094342 14.7731296094342 14.7731296094342 15.7731296094342 15.7731296094342 16.7731296094342 16.7731296094342 17.7731296094342 17.7731296094342 17.7731296094342 17.7731296094342 16.7731296094342 15.7731296094342
85.7731296094342 82.7731296094342 79.7731296094342 76.7731296094342 74.7731296094342 72.7731296094342 71.7731296094342 70.7731296094342 68.7731296094342 66.7731296094342 64.7731296094342 62.7731296094342 61.7731296094342 58.7731296094342 55.7731296094342 52.7731296094342 49.7731296094342 47.7731296094342 45.7731296094342 43.7731296094342 40.7731296094342 36.7731296094342 33.7731296094342 30.7731296094342 28.7731296094342 27.7731296094342 27.7731296094342 26.7731296094342 25.7731296094342 23.7731296094342 21.7731296094342 18.7731296094342 16.7731296094342 14.7731296094342 13.7731296094342 13.7731296094342 13.7731296094342 13.7731296094342 14.7731296094342 14.7731296094342 15.7731296094342 15.7731296094342 15.7731296094342 16.7731296094342 16.7731296094342 17.7731296094342 17.7731296094342 17.7731296094342 16.7731296094342 16.7731296094342 15.7731296094342
86.7731296094342 83.7731296094342 80.7731296094342 77.7731296094342 74.7731296094342 72.7731296094342 70.7731296094342 68.7731296094342 66.7731296094342 64.7731296094342 62.7731296094342 60.7731296094342 58.7731296094342 55.7731296094342 52.7731296094342 50.7731296094342 47.7731296094342 45.7731296094342 43.7731296094342 41.7731296094342 37.7731296094342 33.7731296094342 30.7731296094342 28.7731296094342 27.7731296094342 26.7731296094342 25.7731296094342 24.7731296094342 23.7731296094342 22.7731296094342 20.7731296094342 19.7731296094342 17.7731296094342 15.7731296094342 14.7731296094342 14.7731296094342 14.7731296094342 14.7731296094342 14.7731296094342 15.7731296094342 15.7731296094342 15.7731296094342 16.7731296094342 16.7731296094342 16.7731296094342 16.7731296094342 16.7731296094342 16.7731296094342 16.7731296094342 15.7731296094342 15.7731296094342
87.7731296094342 84.7731296094342 81.7731296094342 78.7731296094342 75.7731296094342 72.7731296094342 69.7731296094342 66.7731296094342 64.7731296094342 62.7731296094342 60.7731296094342 58.7731296094342 55.7731296094342 53.7731296094342 50.7731296094342 48.7731296094342 46.7731296094342 44.7731296094342 41.7731296094342 38.7731296094342 35.7731296094342 31.7731296094342 28.7731296094342 27.7731296094342 26.7731296094342 24.7731296094342 22.7731296094342 21.7731296094342 21.7731296094342 20.7731296094342 20.7731296094342 20.7731296094342 19.7731296094342 17.7731296094342 16.7731296094342 16.7731296094342 15.7731296094342 15.7731296094342 15.7731296094342 16.7731296094342 16.7731296094342 16.7731296094342 16.7731296094342 16.7731296094342 16.7731296094342 16.7731296094342 15.7731296094342 15.7731296094342 15.7731296094342 15.7731296094342 14.7731296094342
89.7731296094342 85.7731296094342 82.7731296094342 78.7731296094342 75.7731296094342 72.7731296094342 69.7731296094342 65.7731296094342 63.7731296094342 61.7731296094342 58.7731296094342 56.7731296094342 53.7731296094342 51.7731296094342 48.7731296094342 46.7731296094342 44.7731296094342 42.7731296094342 39.7731296094342 36.7731296094342 32.7731296094342 29.7731296094342 27.7731296094342 26.7731296094342 25.7731296094342 23.7731296094342 21.7731296094342 20.7731296094342 20.7731296094342 20.7731296094342 20.7731296094342 20.7731296094342 20.7731296094342 19.7731296094342 18.7731296094342 17.7731296094342 17.7731296094342 16.7731296094342 16.7731296094342 16.7731296094342 16.7731296094342 16.7731296094342 16.7731296094342 16.7731296094342 15.7731296094342 15.7731296094342 15.7731296094342 15.7731296094342 15.7731296094342 14.7731296094342 14.7731296094342
90.7731296094342 86.7731296094342 82.7731296094342 79.7731296094342 75.7731296094342 72.7731296094342 68.7731296094342 64.7731296094342 61.7731296094342 59.7731296094342 57.7731296094342 55.7731296094342 52.7731296094342 50.7731296094342 47.7731296094342 45.7731296094342 42.7731296094342 40.7731296094342 37.7731296094342 34.7731296094342 31.7731296094342 28.7731296094342 26.7731296094342 25.7731296094342 24.7731296094342 22.7731296094342 20.7731296094342 20.7731296094342 19.7731296094342 20.7731296094342 20.7731296094342 21.7731296094342 21.7731296094342 21.7731296094342 20.7731296094342 19.7731296094342 18.7731296094342 18.7731296094342 17.7731296094342 17.7731296094342 16.7731296094342 16.7731296094342 15.7731296094342 15.7731296094342 14.7731296094342 14.7731296094342 14.7731296094342 14.7731296094342 14.7731296094342 14.7731296094342 14.7731296094342
91.7731296094342 87.7731296094342 83.7731296094342 79.7731296094342 75.7731296094342 71.7731296094342 67.7731296094342 63.7731296094342 60.7731296094342 57.7731296094342 55.7731296094342 53.7731296094342 51.7731296094342 49.7731296094342 46.7731296094342 43.7731296094342 40.7731296094342 37.7731296094342 34.7731296094342 32.7731296094342 29.7731296094342 27.7731296094342 25.7731296094342 24.7731296094342 23.7731296094342 22.7731296094342 20.7731296094342 20.7731296094342 20.7731296094342 20.7731296094342 21.7731296094342 22.7731296094342 22.7731296094342 22.7731296094342 22.7731296094342 21.7731296094342 20.7731296094342 19.7731296094342 18.7731296094342 17.7731296094342 17.7731296094342 16.7731296094342 15.7731296094342 14.7731296094342 14.7731296094342 14.7731296094342 14.7731296094342 14.7731296094342 14.7731296094342 14.7731296094342 14.7731296094342
91.7731296094342 87.7731296094342 82.7731296094342 79.7731296094342 75.7731296094342 71.7731296094342 66.7731296094342 62.7731296094342 59.7731296094342 56.7731296094342 54.7731296094342 51.7731296094342 49.7731296094342 46.7731296094342 44.7731296094342 41.7731296094342 38.7731296094342 35.7731296094342 32.7731296094342 30.7731296094342 27.7731296094342 25.7731296094342 24.7731296094342 23.7731296094342 22.7731296094342 21.7731296094342 21.7731296094342 20.7731296094342 20.7731296094342 21.7731296094342 22.7731296094342 23.7731296094342 23.7731296094342 23.7731296094342 23.7731296094342 22.7731296094342 22.7731296094342 21.7731296094342 20.7731296094342 19.7731296094342 18.7731296094342 16.7731296094342 16.7731296094342 15.7731296094342 14.7731296094342 14.7731296094342 14.7731296094342 14.7731296094342 14.7731296094342 14.7731296094342 15.7731296094342
90.7731296094342 86.7731296094342 82.7731296094342 78.7731296094342 74.7731296094342 70.7731296094342 66.7731296094342 61.7731296094342 58.7731296094342 55.7731296094342 52.7731296094342 49.7731296094342 47.7731296094342 44.7731296094342 42.7731296094342 39.7731296094342 36.7731296094342 33.7731296094342 30.7731296094342 28.7731296094342 25.7731296094342 23.7731296094342 22.7731296094342 22.7731296094342 22.7731296094342 22.7731296094342 21.7731296094342 21.7731296094342 22.7731296094342 22.7731296094342 23.7731296094342 23.7731296094342 24.7731296094342 24.7731296094342 24.7731296094342 24.7731296094342 23.7731296094342 22.7731296094342 22.7731296094342 20.7731296094342 19.7731296094342 18.7731296094342 17.7731296094342 16.7731296094342 16.7731296094342 15.7731296094342 14.7731296094342 14.7731296094342 14.7731296094342 15.7731296094342 16.7731296094342
89.7731296094342 85.7731296094342 81.7731296094342 77.7731296094342 74.7731296094342 70.7731296094342 65.7731296094342 60.7731296094342 57.7731296094342 54.7731296094342 51.7731296094342 48.7731296094342 45.7731296094342 43.7731296094342 40.7731296094342 38.7731296094342 35.7731296094342 32.7731296094342 29.7731296094342 27.7731296094342 25.7731296094342 23.7731296094342 22.7731296094342 22.7731296094342 22.7731296094342 23.7731296094342 23.7731296094342 23.7731296094342 24.7731296094342 24.7731296094342 25.7731296094342 25.7731296094342 25.7731296094342 25.7731296094342 26.7731296094342 25.7731296094342 25.7731296094342 25.7731296094342 24.7731296094342 23.7731296094342 22.7731296094342 21.7731296094342 20.7731296094342 19.7731296094342 18.7731296094342 17.7731296094342 16.7731296094342 16.7731296094342 16.7731296094342 17.7731296094342 18.7731296094342
88.7731296094342 84.7731296094342 80.7731296094342 76.7731296094342 73.7731296094342 69.7731296094342 64.7731296094342 60.7731296094342 57.7731296094342 54.7731296094342 51.7731296094342 48.7731296094342 45.7731296094342 42.7731296094342 40.7731296094342 37.7731296094342 34.7731296094342 31.7731296094342 29.7731296094342 27.7731296094342 25.7731296094342 23.7731296094342 22.7731296094342 23.7731296094342 24.7731296094342 24.7731296094342 25.7731296094342 26.7731296094342 27.7731296094342 27.7731296094342 27.7731296094342 26.7731296094342 26.7731296094342 27.7731296094342 27.7731296094342 27.7731296094342 27.7731296094342 27.7731296094342 27.7731296094342 26.7731296094342 26.7731296094342 25.7731296094342 24.7731296094342 22.7731296094342 20.7731296094342 19.7731296094342 19.7731296094342 19.7731296094342 19.7731296094342 19.7731296094342 19.7731296094342
87.7731296094342 82.7731296094342 78.7731296094342 75.7731296094342 72.7731296094342 68.7731296094342 64.7731296094342 60.7731296094342 56.7731296094342 54.7731296094342 51.7731296094342 48.7731296094342 45.7731296094342 43.7731296094342 40.7731296094342 37.7731296094342 34.7731296094342 32.7731296094342 30.7731296094342 29.7731296094342 27.7731296094342 25.7731296094342 24.7731296094342 25.7731296094342 25.7731296094342 27.7731296094342 28.7731296094342 29.7731296094342 30.7731296094342 30.7731296094342 30.7731296094342 29.7731296094342 28.7731296094342 28.7731296094342 29.7731296094342 29.7731296094342 29.7731296094342 30.7731296094342 30.7731296094342 30.7731296094342 30.7731296094342 29.7731296094342 27.7731296094342 25.7731296094342 23.7731296094342 22.7731296094342 21.7731296094342 21.7731296094342 21.7731296094342 21.7731296094342 21.7731296094342
84.7731296094342 80.7731296094342 77.7731296094342 74.7731296094342 71.7731296094342 68.7731296094342 64.7731296094342 60.7731296094342 57.7731296094342 54.7731296094342 52.7731296094342 49.7731296094342 47.7731296094342 44.7731296094342 42.7731296094342 40.7731296094342 38.7731296094342 35.7731296094342 33.7731296094342 32.7731296094342 30.7731296094342 28.7731296094342 27.7731296094342 27.7731296094342 27.7731296094342 29.7731296094342 31.7731296094342 32.7731296094342 33.7731296094342 33.7731296094342 33.7731296094342 32.7731296094342 31.7731296094342 31.7731296094342 31.7731296094342 32.7731296094342 32.7731296094342 32.7731296094342 33.7731296094342 33.7731296094342 33.7731296094342 32.7731296094342 30.7731296094342 28.7731296094342 26.7731296094342 24.7731296094342 24.7731296094342 23.7731296094342 23.7731296094342 23.7731296094342 24.7731296094342
81.7731296094342 79.7731296094342 76.7731296094342 73.7731296094342 71.7731296094342 67.7731296094342 63.7731296094342 60.7731296094342 57.7731296094342 55.7731296094342 53.7731296094342 51.7731296094342 49.7731296094342 47.7731296094342 45.7731296094342 43.7731296094342 42.7731296094342 40.7731296094342 38.7731296094342 35.7731296094342 34.7731296094342 32.7731296094342 31.7731296094342 30.7731296094342 30.7731296094342 32.7731296094342 34.7731296094342 35.7731296094342 36.7731296094342 36.7731296094342 36.7731296094342 35.7731296094342 35.7731296094342 34.7731296094342 34.7731296094342 35.7731296094342 35.7731296094342 36.7731296094342 36.7731296094342 36.7731296094342 36.7731296094342 35.7731296094342 33.7731296094342 31.7731296094342 29.7731296094342 27.7731296094342 26.7731296094342 26.7731296094342 25.7731296094342 26.7731296094342 26.7731296094342
80.7731296094342 77.7731296094342 75.7731296094342 73.7731296094342 70.7731296094342 67.7731296094342 63.7731296094342 60.7731296094342 57.7731296094342 56.7731296094342 54.7731296094342 52.7731296094342 51.7731296094342 49.7731296094342 48.7731296094342 47.7731296094342 46.7731296094342 44.7731296094342 42.7731296094342 40.7731296094342 38.7731296094342 36.7731296094342 35.7731296094342 34.7731296094342 34.7731296094342 36.7731296094342 38.7731296094342 39.7731296094342 40.7731296094342 40.7731296094342 40.7731296094342 39.7731296094342 38.7731296094342 38.7731296094342 38.7731296094342 39.7731296094342 39.7731296094342 40.7731296094342 40.7731296094342 40.7731296094342 39.7731296094342 38.7731296094342 36.7731296094342 34.7731296094342 32.7731296094342 30.7731296094342 29.7731296094342 28.7731296094342 28.7731296094342 29.7731296094342 30.7731296094342
78.7731296094342 76.7731296094342 75.7731296094342 73.7731296094342 70.7731296094342 66.7731296094342 63.7731296094342 60.7731296094342 58.7731296094342 57.7731296094342 55.7731296094342 54.7731296094342 53.7731296094342 52.7731296094342 51.7731296094342 50.7731296094342 50.7731296094342 49.7731296094342 47.7731296094342 45.7731296094342 43.7731296094342 42.7731296094342 40.7731296094342 39.7731296094342 39.7731296094342 40.7731296094342 43.7731296094342 44.7731296094342 45.7731296094342 45.7731296094342 44.7731296094342 42.7731296094342 42.7731296094342 42.7731296094342 43.7731296094342 43.7731296094342 44.7731296094342 44.7731296094342 44.7731296094342 44.7731296094342 43.7731296094342 42.7731296094342 40.7731296094342 37.7731296094342 35.7731296094342 33.7731296094342 32.7731296094342 32.7731296094342 32.7731296094342 32.7731296094342 33.7731296094342
78.7731296094342 76.7731296094342 75.7731296094342 72.7731296094342 70.7731296094342 67.7731296094342 64.7731296094342 61.7731296094342 59.7731296094342 58.7731296094342 57.7731296094342 57.7731296094342 56.7731296094342 55.7731296094342 53.7731296094342 53.7731296094342 53.7731296094342 53.7731296094342 52.7731296094342 50.7731296094342 48.7731296094342 47.7731296094342 46.7731296094342 44.7731296094342 44.7731296094342 46.7731296094342 49.7731296094342 50.7731296094342 50.7731296094342 50.7731296094342 48.7731296094342 46.7731296094342 45.7731296094342 46.7731296094342 47.7731296094342 48.7731296094342 49.7731296094342 49.7731296094342 49.7731296094342 49.7731296094342 48.7731296094342 46.7731296094342 44.7731296094342 41.7731296094342 39.7731296094342 38.7731296094342 36.7731296094342 36.7731296094342 36.7731296094342 36.7731296094342 37.7731296094342
79.7731296094342 76.7731296094342 74.7731296094342 72.7731296094342 70.7731296094342 68.7731296094342 65.7731296094342 63.7731296094342 62.7731296094342 61.7731296094342 60.7731296094342 60.7731296094342 59.7731296094342 57.7731296094342 56.7731296094342 56.7731296094342 56.7731296094342 56.7731296094342 55.7731296094342 54.7731296094342 53.7731296094342 52.7731296094342 51.7731296094342 51.7731296094342 52.7731296094342 54.7731296094342 56.7731296094342 56.7731296094342 56.7731296094342 54.7731296094342 52.7731296094342 49.7731296094342 49.7731296094342 50.7731296094342 51.7731296094342 52.7731296094342 54.7731296094342 54.7731296094342 54.7731296094342 54.7731296094342 53.7731296094342 52.7731296094342 50.7731296094342 47.7731296094342 45.7731296094342 43.7731296094342 42.7731296094342 41.7731296094342 41.7731296094342 40.7731296094342 40.7731296094342
80.7731296094342 77.7731296094342 75.7731296094342 73.7731296094342 71.7731296094342 70.7731296094342 68.7731296094342 66.7731296094342 65.7731296094342 64.7731296094342 64.7731296094342 63.7731296094342 62.7731296094342 61.7731296094342 59.7731296094342 59.7731296094342 59.7731296094342 59.7731296094342 58.7731296094342 58.7731296094342 57.7731296094342 57.7731296094342 57.7731296094342 58.7731296094342 59.7731296094342 60.7731296094342 62.7731296094342 62.7731296094342 60.7731296094342 58.7731296094342 56.7731296094342 53.7731296094342 53.7731296094342 53.7731296094342 54.7731296094342 56.7731296094342 58.7731296094342 59.7731296094342 59.7731296094342 59.7731296094342 58.7731296094342 57.7731296094342 55.7731296094342 53.7731296094342 51.7731296094342 49.7731296094342 47.7731296094342 47.7731296094342 46.7731296094342 45.7731296094342 43.7731296094342
82.7731296094342 79.7731296094342 77.7731296094342 75.7731296094342 73.7731296094342 72.7731296094342 70.7731296094342 69.7731296094342 68.7731296094342 68.7731296094342 67.7731296094342 67.7731296094342 66.7731296094342 65.7731296094342 64.7731296094342 63.7731296094342 62.7731296094342 62.7731296094342 62.7731296094342 62.7731296094342 62.7731296094342 61.7731296094342 62.7731296094342 63.7731296094342 64.7731296094342 65.7731296094342 66.7731296094342 65.7731296094342 64.7731296094342 62.7731296094342 59.7731296094342 57.7731296094342 57.7731296094342 57.7731296094342 58.7731296094342 60.7731296094342 61.7731296094342 62.7731296094342 63.7731296094342 62.7731296094342 62.7731296094342 61.7731296094342 60.7731296094342 59.7731296094342 57.7731296094342 55.7731296094342 53.7731296094342 52.7731296094342 51.7731296094342 49.7731296094342 47.7731296094342
84.7731296094342 82.7731296094342 80.7731296094342 78.7731296094342 76.7731296094342 75.7731296094342 73.7731296094342 73.7731296094342 72.7731296094342 72.7731296094342 72.7731296094342 71.7731296094342 71.7731296094342 70.7731296094342 68.7731296094342 67.7731296094342 67.7731296094342 66.7731296094342 66.7731296094342 66.7731296094342 66.7731296094342 66.7731296094342 66.7731296094342 68.7731296094342 69.7731296094342 69.7731296094342 69.7731296094342 68.7731296094342 66.7731296094342 64.7731296094342 63.7731296094342 61.7731296094342 61.7731296094342 62.7731296094342 63.7731296094342 64.7731296094342 65.7731296094342 65.7731296094342 66.7731296094342 66.7731296094342 66.7731296094342 65.7731296094342 65.7731296094342 63.7731296094342 62.7731296094342 60.7731296094342 58.7731296094342 57.7731296094342 55.7731296094342 53.7731296094342 51.7731296094342
