SW2D-GPU_win/SW2D-GPU/db/peri_lake_model/input/dem.txt
ncols         449
nrows         561
xllcorner     0
yllcorner     0
cellsize      12.5
NODATA_value  -9999
[rows 391 to 413 of 561, columns 153 to 203 of 449]
164.773129609434 166.773129609434 168.773129609434 171.773129609434 174.773129609434 177.773129609434 180.773129609434 182.773129609434 184.773129609434 185.773129609434 187.773129609434 190.773129609434 192.773129609434 195.773129609434 199.773129609434 203.773129609434 207.773129609434 211.773129609434 213.773129609434 216.773129609434 219.773129609434 222.773129609434 225.773129609434 228.773129609434 231.773129609434 233.773129609434 235.773129609434 236.773129609434 236.773129609434 237.773129609434 239.773129609434 240.773129609434 241.773129609434 240.773129609434 240.773129609434 239.773129609434 237.773129609434 232.773129609434 227.773129609434 222.773129609434 217.773129609434 213.773129609434 209.773129609434 206.773129609434 205.773129609434 204.773129609434 203.773129609434 201.773129609434 198.773129609434 194.773129609434 190.773129609434
163.773129609434 164.773129609434 166.773129609434 169.773129609434 171.773129609434 174.773129609434 176.773129609434 178.773129609434 180.773129609434 182.773129609434 185.773129609434 188.773129609434 191.773129609434 194.773129609434 198.773129609434 202.773129609434 206.773129609434 209.773129609434 212.773129609434 215.773129609434 218.773129609434 221.773129609434 224.773129609434 227.773129609434 230.773129609434 232.773129609434 233.773129609434 234.773129609434 234.773129609434 235.773129609434 237.773129609434 238.773129609434 239.773129609434 239.773129609434 238.773129609434 237.773129609434 236.773129609434 232.773129609434 227.773129609434 222.773129609434 218.773129609434 214.773129609434 210.773129609434 208.773129609434 206.773129609434 206.773129609434 205.773129609434 202.773129609434 199.773129609434 196.773129609434 191.773129609434
161.773129609434 163.773129609434 164.773129609434 166.773129609434 168.773129609434 170.773129609434 173.773129609434 175.773129609434 177.773129609434 180.773129609434 183.773129609434 186.773129609434 189.773129609434 193.773129609434 197.773129609434 201.773129609434 204.773129609434 208.773129609434 211.773129609434 214.773129609434 217.773129609434 220.773129609434 223.773129609434 226.773129609434 228.773129609434 230.773129609434 232.773129609434 233.773129609434 233.773129609434 234.773129609434 235.773129609434 237.773129609434 238.773129609434 238.773129609434 237.773129609434 236.773129609434 234.773129609434 231.773129609434 227.773129609434 223.773129609434 219.773129609434 215.773129609434 212.773129609434 210.773129609434 208.773129609434 208.773129609434 206.773129609434 204.773129609434 201.773129609434 197.773129609434 192.773129609434
160.773129609434 161.773129609434 162.773129609434 163.773129609434 165.773129609434 167.773129609434 169.773129609434 172.773129609434 175.773129609434 178.773129609434 182.773129609434 185.773129609434 189.773129609434 192.773129609434 196.773129609434 199.773129609434 203.773129609434 207.773129609434 210.773129609434 212.773129609434 216.773129609434 219.773129609434 222.773129609434 225.773129609434 227.773129609434 229.773129609434 231.773129609434 232.773129609434 232.773129609434 233.773129609434 235.773129609434 236.773129609434 237.773129609434 237.773129609434 236.773129609434 235.773129609434 232.773129609434 229.773129609434 226.773129609434 223.773129609434 220.773129609434 218.773129609434 215.773129609434 213.773129609434 211.773129609434 210.773129609434 208.773129609434 205.773129609434 202.773129609434 198.773129609434 194.773129609434
159.773129609434 159.773129609434 160.773129609434 161.773129609434 162.773129609434 164.773129609434 167.773129609434 170.773129609434 173.773129609434 177.773129609434 180.773129609434 184.773129609434 188.773129609434 191.773129609434 194.773129609434 198.773129609434 202.773129609434 205.773129609434 208.773129609434 211.773129609434 214.773129609434 218.773129609434 221.773129609434 223.773129609434 226.773129609434 228.773129609434 230.773129609434 232.773129609434 232.773129609434 233.773129609434 235.773129609434 236.773129609434 236.773129609434 236.773129609434 235.773129609434 233.773129609434 231.773129609434 228.773129609434 226.773129609434 224.773129609434 222.773129609434 220.773129609434 218.773129609434 216.773129609434 214.773129609434 212.773129609434 209.773129609434 206.773129609434 203.773129609434 199.773129609434 194.773129609434
158.773129609434 158.773129609434 159.773129609434 159.773129609434 160.773129609434 162.773129609434 165.773129609434 168.773129609434 172.773129609434 175.773129609434 179.773129609434 183.773129609434 187.773129609434 190.773129609434 194.773129609434 197.773129609434 201.773129609434 204.773129609434 207.773129609434 210.773129609434 213.773129609434 217.773129609434 220.773129609434 222.773129609434 225.773129609434 227.773129609434 230.773129609434 232.773129609434 233.773129609434 234.773129609434 235.773129609434 236.773129609434 236.773129609434 235.773129609434 234.773129609434 231.773129609434 229.773129609434 227.773129609434 226.773129609434 224.773129609434 222.773129609434 221.773129609434 219.773129609434 217.773129609434 215.773129609434 213.773129609434 211.773129609434 207.773129609434 203.773129609434 199.773129609434 194.773129609434
157.773129609434 157.773129609434 157.773129609434 158.773129609434 159.773129609434 161.773129609434 163.773129609434 167.773129609434 170.773129609434 174.773129609434 178.773129609434 182.773129609434 185.773129609434 189.773129609434 193.773129609434 196.773129609434 200.773129609434 203.773129609434 206.773129609434 209.773129609434 212.773129609434 215.773129609434 218.773129609434 221.773129609434 224.773129609434 227.773129609434 230.773129609434 232.773129609434 234.773129609434 235.773129609434 236.773129609434 236.773129609434 235.773129609434 234.773129609434 232.773129609434 230.773129609434 228.773129609434 227.773129609434 225.773129609434 224.773129609434 223.773129609434 222.773129609434 220.773129609434 218.773129609434 216.773129609434 214.773129609434 212.773129609434 208.773129609434 203.773129609434 198.773129609434 193.773129609434
157.773129609434 156.773129609434 156.773129609434 157.773129609434 158.773129609434 160.773129609434 162.773129609434 165.773129609434 169.773129609434 173.773129609434 177.773129609434 180.773129609434 184.773129609434 188.773129609434 192.773129609434 195.773129609434 199.773129609434 202.773129609434 205.773129609434 208.773129609434 211.773129609434 214.773129609434 217.773129609434 221.773129609434 224.773129609434 227.773129609434 231.773129609434 233.773129609434 235.773129609434 236.773129609434 237.773129609434 236.773129609434 235.773129609434 234.773129609434 232.773129609434 230.773129609434 228.773129609434 227.773129609434 226.773129609434 225.773129609434 223.773129609434 222.773129609434 221.773129609434 219.773129609434 217.773129609434 215.773129609434 212.773129609434 207.773129609434 203.773129609434 198.773129609434 193.773129609434
156.773129609434 155.773129609434 155.773129609434 156.773129609434 157.773129609434 159.773129609434 161.773129609434 165.773129609434 169.773129609434 173.773129609434 177.773129609434 180.773129609434 183.773129609434 187.773129609434 191.773129609434 194.773129609434 198.773129609434 201.773129609434 204.773129609434 207.773129609434 210.773129609434 213.773129609434 217.773129609434 220.773129609434 224.773129609434 228.773129609434 232.773129609434 235.773129609434 237.773129609434 238.773129609434 238.773129609434 237.773129609434 236.773129609434 234.773129609434 233.773129609434 230.773129609434 228.773129609434 227.773129609434 226.773129609434 225.773129609434 224.773129609434 223.773129609434 221.773129609434 219.773129609434 217.773129609434 214.773129609434 211.773129609434 207.773129609434 202.773129609434 197.773129609434 192.773129609434
156.773129609434 155.773129609434 155.773129609434 155.773129609434 156.773129609434 158.773129609434 161.773129609434 164.773129609434 168.773129609434 172.773129609434 176.773129609434 179.773129609434 182.773129609434 186.773129609434 190.773129609434 194.773129609434 198.773129609434 201.773129609434 204.773129609434 206.773129609434 210.773129609434 213.773129609434 217.773129609434 221.773129609434 226.773129609434 230.773129609434 233.773129609434 236.773129609434 239.773129609434 240.773129609434 240.773129609434 239.773129609434 238.773129609434 236.773129609434 234.773129609434 231.773129609434 229.773129609434 228.773129609434 227.773129609434 225.773129609434 224.773129609434 223.773129609434 221.773129609434 218.773129609434 216.773129609434 213.773129609434 210.773129609434 206.773129609434 202.773129609434 197.773129609434 192.773129609434
156.773129609434 154.773129609434 154.773129609434 155.773129609434 156.773129609434 158.773129609434 161.773129609434 164.773129609434 167.773129609434 171.773129609434 175.773129609434 178.773129609434 181.773129609434 186.773129609434 190.773129609434 194.773129609434 198.773129609434 202.773129609434 204.773129609434 207.773129609434 210.773129609434 214.773129609434 218.773129609434 223.773129609434 228.773129609434 232.773129609434 236.773129609434 238.773129609434 241.773129609434 242.773129609434 242.773129609434 242.773129609434 241.773129609434 239.773129609434 236.773129609434 233.773129609434 231.773129609434 228.773129609434 227.773129609434 225.773129609434 224.773129609434 223.773129609434 220.773129609434 217.773129609434 215.773129609434 212.773129609434 209.773129609434 205.773129609434 201.773129609434 196.773129609434 190.773129609434
156.773129609434 155.773129609434 154.773129609434 155.773129609434 156.773129609434 158.773129609434 161.773129609434 163.773129609434 167.773129609434 171.773129609434 174.773129609434 178.773129609434 181.773129609434 185.773129609434 190.773129609434 195.773129609434 199.773129609434 203.773129609434 205.773129609434 208.773129609434 212.773129609434 216.773129609434 221.773129609434 226.773129609434 231.773129609434 235.773129609434 238.773129609434 241.773129609434 243.773129609434 244.773129609434 245.773129609434 245.773129609434 244.773129609434 242.773129609434 239.773129609434 235.773129609434 232.773129609434 229.773129609434 227.773129609434 225.773129609434 224.773129609434 223.773129609434 220.773129609434 217.773129609434 214.773129609434 211.773129609434 208.773129609434 204.773129609434 200.773129609434 195.773129609434 189.773129609434
157.773129609434 155.773129609434 155.773129609434 155.773129609434 157.773129609434 159.773129609434 161.773129609434 163.773129609434 167.773129609434 171.773129609434 174.773129609434 177.773129609434 181.773129609434 185.773129609434 190.773129609434 195.773129609434 199.773129609434 203.773129609434 207.773129609434 210.773129609434 214.773129609434 219.773129609434 224.773129609434 229.773129609434 234.773129609434 237.773129609434 240.773129609434 243.773129609434 245.773129609434 247.773129609434 247.773129609434 247.773129609434 246.773129609434 244.773129609434 241.773129609434 237.773129609434 234.773129609434 230.773129609434 228.773129609434 226.773129609434 224.773129609434 223.773129609434 220.773129609434 217.773129609434 213.773129609434 209.773129609434 206.773129609434 202.773129609434 198.773129609434 193.773129609434 188.773129609434
158.773129609434 156.773129609434 156.773129609434 156.773129609434 157.773129609434 159.773129609434 161.773129609434 163.773129609434 167.773129609434 171.773129609434 174.773129609434 177.773129609434 181.773129609434 185.773129609434 190.773129609434 195.773129609434 200.773129609434 204.773129609434 208.773129609434 212.773129609434 217.773129609434 222.773129609434 228.773129609434 233.773129609434 237.773129609434 240.773129609434 242.773129609434 245.773129609434 247.773129609434 249.773129609434 249.773129609434 249.773129609434 249.773129609434 247.773129609434 244.773129609434 240.773129609434 235.773129609434 232.773129609434 229.773129609434 226.773129609434 225.773129609434 223.773129609434 220.773129609434 217.773129609434 213.773129609434 208.773129609434 204.773129609434 200.773129609434 196.773129609434 191.773129609434 187.773129609434
158.773129609434 157.773129609434 156.773129609434 157.773129609434 158.773129609434 160.773129609434 161.773129609434 164.773129609434 167.773129609434 171.773129609434 175.773129609434 178.773129609434 181.773129609434 186.773129609434 190.773129609434 195.773129609434 201.773129609434 206.773129609434 210.773129609434 215.773129609434 220.773129609434 226.773129609434 231.773129609434 235.773129609434 239.773129609434 242.773129609434 244.773129609434 246.773129609434 248.773129609434 250.773129609434 251.773129609434 251.773129609434 250.773129609434 248.773129609434 245.773129609434 241.773129609434 237.773129609434 233.773129609434 230.773129609434 227.773129609434 225.773129609434 222.773129609434 220.773129609434 217.773129609434 212.773129609434 208.773129609434 203.773129609434 199.773129609434 194.773129609434 190.773129609434 186.773129609434
159.773129609434 158.773129609434 157.773129609434 158.773129609434 159.773129609434 160.773129609434 162.773129609434 165.773129609434 168.773129609434 172.773129609434 175.773129609434 179.773129609434 183.773129609434 186.773129609434 191.773129609434 196.773129609434 202.773129609434 208.773129609434 213.773129609434 218.773129609434 223.773129609434 228.773129609434 233.773129609434 237.773129609434 240.773129609434 243.773129609434 245.773129609434 247.773129609434 248.773129609434 250.773129609434 251.773129609434 251.773129609434 250.773129609434 248.773129609434 246.773129609434 241.773129609434 237.773129609434 234.773129609434 230.773129609434 227.773129609434 225.773129609434 222.773129609434 219.773129609434 216.773129609434 212.773129609434 207.773129609434 203.773129609434 198.773129609434 194.773129609434 190.773129609434 186.773129609434
159.773129609434 158.773129609434 158.773129609434 159.773129609434 160.773129609434 162.773129609434 163.773129609434 166.773129609434 169.773129609434 173.773129609434 177.773129609434 181.773129609434 184.773129609434 188.773129609434 191.773129609434 197.773129609434 203.773129609434 209.773129609434 216.773129609434 221.773129609434 227.773129609434 231.773129609434 235.773129609434 238.773129609434 241.773129609434 244.773129609434 245.773129609434 247.773129609434 248.773129609434 249.773129609434 250.773129609434 251.773129609434 250.773129609434 249.773129609434 246.773129609434 242.773129609434 238.773129609434 235.773129609434 232.773129609434 228.773129609434 225.773129609434 222.773129609434 219.773129609434 216.773129609434 212.773129609434 208.773129609434 203.773129609434 199.773129609434 194.773129609434 190.773129609434 187.773129609434
159.773129609434 159.773129609434 160.773129609434 160.773129609434 162.773129609434 163.773129609434 165.773129609434 167.773129609434 171.773129609434 175.773129609434 179.773129609434 183.773129609434 186.773129609434 190.773129609434 193.773129609434 198.773129609434 204.773129609434 211.773129609434 218.773129609434 224.773129609434 229.773129609434 234.773129609434 237.773129609434 240.773129609434 242.773129609434 244.773129609434 246.773129609434 247.773129609434 247.773129609434 248.773129609434 249.773129609434 250.773129609434 249.773129609434 248.773129609434 246.773129609434 244.773129609434 240.773129609434 237.773129609434 233.773129609434 230.773129609434 226.773129609434 223.773129609434 219.773129609434 216.773129609434 212.773129609434 208.773129609434 203.773129609434 199.773129609434 195.773129609434 191.773129609434 188.773129609434
159.773129609434 160.773129609434 161.773129609434 162.773129609434 163.773129609434 165.773129609434 167.773129609434 169.773129609434 173.773129609434 177.773129609434 181.773129609434 185.773129609434 189.773129609434 192.773129609434 195.773129609434 200.773129609434 206.773129609434 212.773129609434 219.773129609434 226.773129609434 232.773129609434 236.773129609434 239.773129609434 241.773129609434 243.773129609434 244.773129609434 246.773129609434 246.773129609434 247.773129609434 247.773129609434 248.773129609434 248.773129609434 248.773129609434 248.773129609434 247.773129609434 245.773129609434 242.773129609434 239.773129609434 236.773129609434 232.773129609434 228.773129609434 224.773129609434 220.773129609434 217.773129609434 213.773129609434 208.773129609434 204.773129609434 200.773129609434 196.773129609434 192.773129609434 189.773129609434
159.773129609434 161.773129609434 163.773129609434 164.773129609434 165.773129609434 167.773129609434 169.773129609434 171.773129609434 175.773129609434 179.773129609434 183.773129609434 187.773129609434 190.773129609434 194.773129609434 197.773129609434 202.773129609434 207.773129609434 214.773129609434 221.773129609434 228.773129609434 233.773129609434 237.773129609434 240.773129609434 241.773129609434 243.773129609434 244.773129609434 246.773129609434 246.773129609434 247.773129609434 247.773129609434 247.773129609434 248.773129609434 248.773129609434 249.773129609434 248.773129609434 247.773129609434 245.773129609434 242.773129609434 239.773129609434 235.773129609434 231.773129609434 226.773129609434 222.773129609434 218.773129609434 214.773129609434 210.773129609434 205.773129609434 201.773129609434 197.773129609434 194.773129609434 191.773129609434
160.773129609434 162.773129609434 164.773129609434 166.773129609434 168.773129609434 170.773129609434 172.773129609434 175.773129609434 178.773129609434 182.773129609434 185.773129609434 188.773129609434 192.773129609434 195.773129609434 199.773129609434 204.773129609434 209.773129609434 215.773129609434 222.773129609434 229.773129609434 233.773129609434 237.773129609434 239.773129609434 241.773129609434 242.773129609434 244.773129609434 246.773129609434 247.773129609434 247.773129609434 247.773129609434 248.773129609434 248.773129609434 249.773129609434 250.773129609434 250.773129609434 249.773129609434 247.773129609434 245.773129609434 243.773129609434 239.773129609434 235.773129609434 230.773129609434 225.773129609434 220.773129609434 215.773129609434 211.773129609434 207.773129609434 203.773129609434 199.773129609434 196.773129609434 193.773129609434
161.773129609434 163.773129609434 166.773129609434 168.773129609434 170.773129609434 173.773129609434 175.773129609434 178.773129609434 181.773129609434 184.773129609434 187.773129609434 190.773129609434 194.773129609434 197.773129609434 201.773129609434 206.773129609434 211.773129609434 217.773129609434 223.773129609434 229.773129609434 233.773129609434 236.773129609434 239.773129609434 240.773129609434 242.773129609434 244.773129609434 245.773129609434 246.773129609434 247.773129609434 247.773129609434 248.773129609434 249.773129609434 250.773129609434 251.773129609434 252.773129609434 251.773129609434 250.773129609434 249.773129609434 246.773129609434 243.773129609434 239.773129609434 235.773129609434 230.773129609434 224.773129609434 219.773129609434 215.773129609434 211.773129609434 206.773129609434 202.773129609434 199.773129609434 195.773129609434
162.773129609434 164.773129609434 167.773129609434 170.773129609434 173.773129609434 176.773129609434 178.773129609434 181.773129609434 183.773129609434 186.773129609434 189.773129609434 192.773129609434 196.773129609434 199.773129609434 203.773129609434 207.773129609434 212.773129609434 218.773129609434 223.773129609434 228.773129609434 232.773129609434 235.773129609434 237.773129609434 239.773129609434 241.773129609434 243.773129609434 245.773129609434 246.773129609434 246.773129609434 247.773129609434 248.773129609434 250.773129609434 252.773129609434 254.773129609434 255.773129609434 255.773129609434 254.773129609434 252.773129609434 249.773129609434 247.773129609434 244.773129609434 241.773129609434 236.773129609434 231.773129609434 226.773129609434 221.773129609434 215.773129609434 210.773129609434 205.773129609434 201.773129609434 198.773129609434
