SW2D-GPU_win/SW2D-GPU/db/peri_lake_model/input/dem.txt
ncols         449
nrows         561
xllcorner     0
yllcorner     0
cellsize      12.5
NODATA_value  -9999
[rows 460 to 482 of 561, columns 0 to 50 of 449]
-9999 -9999 -9999 -9999 -9999 -9999 -9999 -9999 -9999 -9999 -9999 -9999 -9999 -9999 -9999 -9999 -9999 -9999 -9999 -9999 -9999 -9999 -9999 -9999 -9999 -9999 -9999 344.773129609434 343.773129609434 342.773129609434 339.773129609434 337.773129609434 333.773129609434 330.773129609434 327.773129609434 324.773129609434 320.773129609434 317.773129609434 312.773129609434 308.773129609434 303.773129609434 298.773129609434 293.773129609434 288.773129609434 284.773129609434 281.773129609434 279.773129609434 278.773129609434 277.773129609434 275.773129609434 274.773129609434
-9999 -9999 -9999 -9999 -9999 -9999 -9999 -9999 -9999 -9999 -9999 -9999 -9999 -9999 -9999 -9999 -9999 -9999 -9999 -9999 -9999 -9999 -9999 -9999 -9999 -9999 342.773129609434 342.773129609434 340.773129609434 338.773129609434 336.773129609434 333.773129609434 330.773129609434 327.773129609434 323.773129609434 320.773129609434 316.773129609434 312.773129609434 308.773129609434 304.773129609434 300.773129609434 296.773129609434 291.773129609434 287.773129609434 282.773129609434 279.773129609434 277.773129609434 275.773129609434 274.773129609434 273.773129609434 272.773129609434
-9999 -9999 -9999 -9999 -9999 -9999 -9999 -9999 -9999 -9999 -9999 -9999 -9999 -9999 -9999 -9999 -9999 -9999 -9999 -9999 -9999 -9999 -9999 -9999 -9999 -9999 341.773129609434 340.773129609434 337.773129609434 335.773129609434 333.773129609434 330.773129609434 327.773129609434 323.773129609434 319.773129609434 316.773129609434 312.773129609434 307.773129609434 303.773129609434 300.773129609434 297.773129609434 293.773129609434 289.773129609434 284.773129609434 280.773129609434 276.773129609434 274.773129609434 273.773129609434 271.773129609434 270.773129609434 270.773129609434
-9999 -9999 -9999 -9999 -9999 -9999 -9999 -9999 -9999 -9999 -9999 -9999 -9999 -9999 -9999 -9999 -9999 -9999 -9999 -9999 -9999 -9999 -9999 -9999 -9999 -9999 339.773129609434 337.773129609434 335.773129609434 332.773129609434 330.773129609434 326.773129609434 323.773129609434 319.773129609434 316.773129609434 312.773129609434 308.773129609434 303.773129609434 300.773129609434 296.773129609434 293.773129609434 289.773129609434 286.773129609434 282.773129609434 277.773129609434 274.773129609434 271.773129609434 270.773129609434 269.773129609434 269.773129609434 268.773129609434
-9999 -9999 -9999 -9999 -9999 -9999 -9999 -9999 -9999 -9999 -9999 -9999 -9999 -9999 -9999 -9999 -9999 -9999 -9999 -9999 -9999 -9999 -9999 -9999 -9999 338.773129609434 337.773129609434 335.773129609434 333.773129609434 330.773129609434 326.773129609434 323.773129609434 319.773129609434 316.773129609434 312.773129609434 308.773129609434 304.773129609434 300.773129609434 296.773129609434 293.773129609434 289.773129609434 286.773129609434 282.773129609434 279.773129609434 275.773129609434 271.773129609434 269.773129609434 267.773129609434 267.773129609434 267.773129609434 267.773129609434
-9999 -9999 -9999 -9999 -9999 -9999 -9999 -9999 -9999 -9999 -9999 -9999 -9999 -9999 -9999 -9999 -9999 -9999 -9999 -9999 -9999 -9999 -9999 -9999 337.773129609434 337.773129609434 336.773129609434 333.773129609434 330.773129609434 327.773129609434 323.773129609434 320.773129609434 316.773129609434 312.773129609434 308.773129609434 304.773129609434 300.773129609434 296.773129609434 292.773129609434 289.773129609434 286.773129609434 283.773129609434 279.773129609434 276.773129609434 272.773129609434 268.773129609434 266.773129609434 265.773129609434 264.773129609434 264.773129609434 265.773129609434
-9999 -9999 -9999 -9999 -9999 -9999 -9999 -9999 -9999 -9999 -9999 -9999 -9999 -9999 -9999 -9999 -9999 -9999 -9999 -9999 -9999 -9999 -9999 -9999 336.773129609434 335.773129609434 334.773129609434 332.773129609434 328.773129609434 325.773129609434 320.773129609434 316.773129609434 312.773129609434 308.773129609434 304.773129609434 301.773129609434 296.773129609434 291.773129609434 287.773129609434 284.773129609434 282.773129609434 280.773129609434 277.773129609434 273.773129609434 269.773129609434 265.773129609434 263.773129609434 262.773129609434 261.773129609434 262.773129609434 262.773129609434
-9999 -9999 -9999 -9999 -9999 -9999 -9999 -9999 -9999 -9999 -9999 -9999 -9999 -9999 -9999 -9999 -9999 -9999 -9999 -9999 -9999 -9999 -9999 335.773129609434 335.773129609434 334.773129609434 332.773129609434 330.773129609434 326.773129609434 322.773129609434 317.773129609434 313.773129609434 308.773129609434 304.773129609434 301.773129609434 297.773129609434 292.773129609434 287.773129609434 283.773129609434 280.773129609434 279.773129609434 277.773129609434 274.773129609434 271.773129609434 267.773129609434 263.773129609434 260.773129609434 259.773129609434 258.773129609434 259.773129609434 260.773129609434
-9999 -9999 -9999 -9999 -9999 -9999 -9999 -9999 -9999 -9999 -9999 -9999 -9999 -9999 -9999 -9999 -9999 -9999 -9999 -9999 -9999 -9999 -9999 335.773129609434 334.773129609434 332.773129609434 330.773129609434 328.773129609434 324.773129609434 320.773129609434 314.773129609434 309.773129609434 305.773129609434 301.773129609434 297.773129609434 293.773129609434 288.773129609434 283.773129609434 279.773129609434 277.773129609434 275.773129609434 274.773129609434 272.773129609434 269.773129609434 264.773129609434 260.773129609434 257.773129609434 255.773129609434 255.773129609434 256.773129609434 257.773129609434
-9999 -9999 -9999 -9999 -9999 -9999 -9999 -9999 -9999 -9999 -9999 -9999 -9999 -9999 -9999 -9999 -9999 -9999 -9999 -9999 -9999 -9999 335.773129609434 335.773129609434 333.773129609434 331.773129609434 328.773129609434 325.773129609434 322.773129609434 317.773129609434 312.773129609434 307.773129609434 303.773129609434 299.773129609434 294.773129609434 290.773129609434 285.773129609434 279.773129609434 275.773129609434 273.773129609434 272.773129609434 271.773129609434 270.773129609434 267.773129609434 262.773129609434 258.773129609434 254.773129609434 252.773129609434 252.773129609434 253.773129609434 254.773129609434
-9999 -9999 -9999 -9999 -9999 -9999 -9999 -9999 -9999 -9999 -9999 -9999 -9999 -9999 -9999 -9999 -9999 -9999 -9999 -9999 -9999 335.773129609434 335.773129609434 334.773129609434 332.773129609434 329.773129609434 326.773129609434 323.773129609434 320.773129609434 315.773129609434 310.773129609434 305.773129609434 301.773129609434 296.773129609434 291.773129609434 286.773129609434 281.773129609434 275.773129609434 271.773129609434 269.773129609434 268.773129609434 267.773129609434 266.773129609434 264.773129609434 259.773129609434 255.773129609434 251.773129609434 249.773129609434 249.773129609434 250.773129609434 251.773129609434
-9999 -9999 -9999 -9999 -9999 -9999 -9999 -9999 -9999 -9999 -9999 -9999 -9999 -9999 -9999 -9999 -9999 -9999 -9999 -9999 -9999 336.773129609434 334.773129609434 332.773129609434 330.773129609434 327.773129609434 324.773129609434 321.773129609434 318.773129609434 314.773129609434 309.773129609434 304.773129609434 299.773129609434 294.773129609434 289.773129609434 283.773129609434 277.773129609434 271.773129609434 267.773129609434 265.773129609434 265.773129609434 264.773129609434 262.773129609434 259.773129609434 255.773129609434 251.773129609434 248.773129609434 247.773129609434 246.773129609434 248.773129609434 249.773129609434
-9999 -9999 -9999 -9999 -9999 -9999 -9999 -9999 -9999 -9999 -9999 -9999 -9999 -9999 -9999 -9999 -9999 -9999 -9999 -9999 337.773129609434 336.773129609434 334.773129609434 332.773129609434 329.773129609434 326.773129609434 323.773129609434 320.773129609434 316.773129609434 312.773129609434 307.773129609434 303.773129609434 298.773129609434 292.773129609434 286.773129609434 280.773129609434 274.773129609434 268.773129609434 263.773129609434 261.773129609434 261.773129609434 259.773129609434 258.773129609434 255.773129609434 251.773129609434 248.773129609434 246.773129609434 245.773129609434 245.773129609434 246.773129609434 248.773129609434
-9999 -9999 -9999 -9999 -9999 -9999 -9999 -9999 -9999 -9999 -9999 -9999 -9999 -9999 -9999 -9999 -9999 -9999 -9999 -9999 338.773129609434 337.773129609434 335.773129609434 332.773129609434 329.773129609434 326.773129609434 322.773129609434 318.773129609434 315.773129609434 310.773129609434 306.773129609434 301.773129609434 296.773129609434 291.773129609434 284.773129609434 277.773129609434 271.773129609434 264.773129609434 259.773129609434 257.773129609434 256.773129609434 254.773129609434 253.773129609434 250.773129609434 247.773129609434 245.773129609434 244.773129609434 244.773129609434 244.773129609434 245.773129609434 246.773129609434
-9999 -9999 -9999 -9999 -9999 -9999 -9999 -9999 -9999 -9999 -9999 -9999 -9999 -9999 -9999 -9999 -9999 -9999 -9999 -9999 -9999 338.773129609434 335.773129609434 332.773129609434 329.773129609434 325.773129609434 321.773129609434 317.773129609434 313.773129609434 308.773129609434 304.773129609434 299.773129609434 294.773129609434 289.773129609434 282.773129609434 275.773129609434 268.773129609434 261.773129609434 256.773129609434 253.773129609434 251.773129609434 250.773129609434 248.773129609434 246.773129609434 244.773129609434 242.773129609434 242.773129609434 243.773129609434 243.773129609434 244.773129609434 245.773129609434
-9999 -9999 -9999 -9999 -9999 -9999 -9999 -9999 -9999 -9999 -9999 -9999 -9999 -9999 -9999 -9999 -9999 -9999 -9999 -9999 341.773129609434 339.773129609434 336.773129609434 332.773129609434 328.773129609434 324.773129609434 320.773129609434 315.773129609434 311.773129609434 306.773129609434 302.773129609434 298.773129609434 293.773129609434 287.773129609434 281.773129609434 273.773129609434 266.773129609434 259.773129609434 253.773129609434 250.773129609434 248.773129609434 246.773129609434 245.773129609434 243.773129609434 241.773129609434 239.773129609434 240.773129609434 242.773129609434 243.773129609434 243.773129609434 244.773129609434
-9999 -9999 -9999 -9999 -9999 -9999 -9999 -9999 -9999 -9999 -9999 -9999 -9999 -9999 -9999 -9999 -9999 -9999 -9999 -9999 342.773129609434 339.773129609434 336.773129609434 331.773129609434 327.773129609434 323.773129609434 318.773129609434 314.773129609434 309.773129609434 304.773129609434 300.773129609434 296.773129609434 291.773129609434 286.773129609434 279.773129609434 272.773129609434 264.773129609434 257.773129609434 251.773129609434 248.773129609434 245.773129609434 243.773129609434 242.773129609434 240.773129609434 238.773129609434 237.773129609434 238.773129609434 241.773129609434 242.773129609434 243.773129609434 244.773129609434
-9999 -9999 -9999 -9999 -9999 -9999 -9999 -9999 -9999 -9999 -9999 -9999 -9999 -9999 -9999 -9999 -9999 -9999 -9999 343.773129609434 341.773129609434 338.773129609434 334.773129609434 330.773129609434 326.773129609434 322.773129609434 318.773129609434 313.773129609434 307.773129609434 303.773129609434 299.773129609434 294.773129609434 289.773129609434 284.773129609434 277.773129609434 270.773129609434 262.773129609434 255.773129609434 249.773129609434 246.773129609434 244.773129609434 242.773129609434 240.773129609434 238.773129609434 236.773129609434 235.773129609434 237.773129609434 239.773129609434 241.773129609434 242.773129609434 243.773129609434
-9999 -9999 -9999 -9999 -9999 -9999 -9999 -9999 -9999 -9999 -9999 -9999 -9999 -9999 -9999 348.773129609434 347.773129609434 346.773129609434 345.773129609434 343.773129609434 339.773129609434 336.773129609434 332.773129609434 329.773129609434 325.773129609434 322.773129609434 317.773129609434 312.773129609434 307.773129609434 302.773129609434 297.773129609434 293.773129609434 287.773129609434 281.773129609434 274.773129609434 267.773129609434 260.773129609434 253.773129609434 248.773129609434 245.773129609434 243.773129609434 241.773129609434 238.773129609434 236.773129609434 234.773129609434 233.773129609434 235.773129609434 238.773129609434 239.773129609434 241.773129609434 242.773129609434
-9999 -9999 -9999 -9999 -9999 368.773129609434 -9999 -9999 -9999 -9999 -9999 -9999 -9999 -9999 350.773129609434 349.773129609434 347.773129609434 346.773129609434 344.773129609434 342.773129609434 338.773129609434 334.773129609434 330.773129609434 327.773129609434 324.773129609434 321.773129609434 317.773129609434 312.773129609434 306.773129609434 301.773129609434 296.773129609434 290.773129609434 285.773129609434 278.773129609434 271.773129609434 264.773129609434 258.773129609434 252.773129609434 247.773129609434 244.773129609434 242.773129609434 240.773129609434 237.773129609434 235.773129609434 233.773129609434 232.773129609434 233.773129609434 236.773129609434 238.773129609434 240.773129609434 241.773129609434
-9999 -9999 -9999 -9999 -9999 370.773129609434 367.773129609434 364.773129609434 361.773129609434 358.773129609434 -9999 -9999 -9999 -9999 351.773129609434 350.773129609434 349.773129609434 347.773129609434 344.773129609434 341.773129609434 336.773129609434 331.773129609434 328.773129609434 325.773129609434 322.773129609434 320.773129609434 316.773129609434 311.773129609434 306.773129609434 300.773129609434 294.773129609434 287.773129609434 281.773129609434 275.773129609434 268.773129609434 261.773129609434 256.773129609434 250.773129609434 246.773129609434 244.773129609434 242.773129609434 239.773129609434 236.773129609434 233.773129609434 231.773129609434 230.773129609434 232.773129609434 234.773129609434 236.773129609434 238.773129609434 240.773129609434
-9999 -9999 -9999 -9999 -9999 373.773129609434 369.773129609434 365.773129609434 361.773129609434 358.773129609434 356.773129609434 355.773129609434 353.773129609434 352.773129609434 351.773129609434 350.773129609434 349.773129609434 347.773129609434 344.773129609434 339.773129609434 334.773129609434 329.773129609434 326.773129609434 323.773129609434 321.773129609434 318.773129609434 315.773129609434 310.773129609434 305.773129609434 299.773129609434 291.773129609434 284.773129609434 277.773129609434 271.773129609434 264.773129609434 259.773129609434 254.773129609434 249.773129609434 246.773129609434 243.773129609434 241.773129609434 238.773129609434 234.773129609434 231.773129609434 230.773129609434 229.773129609434 230.773129609434 233.773129609434 234.773129609434 236.773129609434 238.773129609434
-9999 -9999 -9999 -9999 377.773129609434 375.773129609434 371.773129609434 367.773129609434 362.773129609434 358.773129609434 356.773129609434 354.773129609434 353.773129609434 352.773129609434 351.773129609434 350.773129609434 349.773129609434 346.773129609434 343.773129609434 339.773129609434 333.773129609434 328.773129609434 325.773129609434 322.773129609434 319.773129609434 316.773129609434 313.773129609434 309.773129609434 304.773129609434 296.773129609434 288.773129609434 280.773129609434 274.773129609434 268.773129609434 262.773129609434 256.773129609434 252.773129609434 248.773129609434 244.773129609434 242.773129609434 239.773129609434 236.773129609434 232.773129609434 230.773129609434 228.773129609434 228.773129609434 229.773129609434 231.773129609434 233.773129609434 234.773129609434 236.773129609434
